0          C                  787808363   0
1          C++               1251704976  27
2          Java               210226759  11
3          C#                1688751606   8
4          Python             199420479  21
5          Go                1688751899  22
6          Scala             1947895722  27
7          vb.net            1590035886   6
8          JavaScript        1431535225  20
9          PHP               1251758047  26
10         Perl               212654416  27
11         Ruby               212422186  18
