0          C                   84696412  31
1          C++              -2075630010  -3
2          Java              1542292725   6
3          C#                1316419575   9
4          Python            -193191885 -18
5          Go                1249309159  10
6          Scala             -250560223  -1
7          vb.net           -1198697754 -12
8          JavaScript        -790376216 -14
9          PHP                589789791  30
10         Perl              -897830718 -15
11         Ruby              -651897675   0
